make: `bin/puzzle' is up to date.
Loaded FSM from file databases/fsm-idfs-5x5-6 #words: 8
found 8 forbidden strings
Time elapsed: 3.8e-05

Building FSM from 8 strings
STATES: 29
Time elapsed: 8e-06

re-order FSM
Rebuilt with 21 STATES
Time elapsed: 1.2e-05

1, 3 (0)
2, 10 (3.33333)
3, 27 (2.7)
4, 70 (2.59259)
5, 177 (2.52857)
6, 443 (2.50282)
7, 1075 (2.42664)
8, 2571 (2.39163)
9, 5984 (2.3275)
10, 14024 (2.34358)
11, 32708 (2.33229)
12, 77139 (2.35841)
13, 180424 (2.33895)
14, 425664 (2.35924)
15, 994464 (2.33627)
16, 2343423 (2.35647)
17, 5471969 (2.33503)
18, 12894945 (2.35655)
1, 3 (0)
2, 10 (3.33333)
3, 27 (2.7)
4, 70 (2.59259)
5, 177 (2.52857)
6, 443 (2.50282)
7, 1076 (2.42889)
8, 2576 (2.39405)
9, 6002 (2.32997)
10, 14081 (2.34605)
11, 32870 (2.33435)
12, 77577 (2.36012)
13, 181521 (2.33988)
14, 428321 (2.35962)
15, 1000724 (2.33639)
16, 2358194 (2.35649)
17, 5506470 (2.33504)
18, 12976173 (2.35653)
1, 4 (0)
2, 14 (3.5)
3, 39 (2.78571)
4, 101 (2.58974)
5, 256 (2.53465)
6, 627 (2.44922)
7, 1514 (2.41467)
8, 3553 (2.34676)
9, 8365 (2.35435)
10, 19521 (2.33365)
11, 46019 (2.35741)
12, 107605 (2.33827)
13, 253873 (2.3593)
14, 593317 (2.33706)
15, 1398556 (2.35718)
16, 3266076 (2.33532)
17, 7696566 (2.35652)
18, 17976881 (2.3357)
1, 4 (0)
2, 15 (3.75)
3, 43 (2.86667)
4, 114 (2.65116)
5, 285 (2.5)
6, 696 (2.44211)
7, 1653 (2.375)
8, 3920 (2.37145)
9, 9155 (2.33546)
10, 21566 (2.35565)
11, 50423 (2.33808)
12, 118972 (2.35948)
13, 278031 (2.33694)
14, 655424 (2.35738)
15, 1531023 (2.33593)
16, 3608388 (2.35685)
17, 8427619 (2.33556)
18, 19862304 (2.35681)
1, 4 (0)
2, 14 (3.5)
3, 39 (2.78571)
4, 101 (2.58974)
5, 256 (2.53465)
6, 627 (2.44922)
7, 1514 (2.41467)
8, 3553 (2.34676)
9, 8365 (2.35435)
10, 19521 (2.33365)
11, 46019 (2.35741)
12, 107605 (2.33827)
13, 253873 (2.3593)
14, 593317 (2.33706)
15, 1398556 (2.35718)
16, 3266076 (2.33532)
17, 7696566 (2.35652)
18, 17976881 (2.3357)
1, 3 (0)
2, 10 (3.33333)
3, 27 (2.7)
4, 70 (2.59259)
5, 177 (2.52857)
6, 443 (2.50282)
7, 1076 (2.42889)
8, 2576 (2.39405)
9, 6002 (2.32997)
10, 14081 (2.34605)
11, 32870 (2.33435)
12, 77577 (2.36012)
13, 181521 (2.33988)
14, 428321 (2.35962)
15, 1000724 (2.33639)
16, 2358194 (2.35649)
17, 5506470 (2.33504)
18, 12976173 (2.35653)
1, 4 (0)
2, 14 (3.5)
3, 39 (2.78571)
4, 101 (2.58974)
5, 256 (2.53465)
6, 627 (2.44922)
7, 1513 (2.41308)
8, 3551 (2.34699)
9, 8364 (2.35539)
10, 19530 (2.33501)
11, 46061 (2.35847)
12, 107738 (2.33903)
13, 254216 (2.35958)
14, 594058 (2.33682)
15, 1400154 (2.35693)
16, 3269744 (2.33527)
17, 7705370 (2.35657)
18, 17997987 (2.33577)
1, 5 (0)
2, 20 (4)
3, 57 (2.85)
4, 148 (2.59649)
5, 367 (2.47973)
6, 890 (2.42507)
7, 2091 (2.34944)
8, 4936 (2.36059)
9, 11576 (2.34522)
10, 27370 (2.36437)
11, 63986 (2.33782)
12, 150845 (2.35747)
13, 352444 (2.33646)
14, 830770 (2.35717)
15, 1940235 (2.33547)
16, 4572656 (2.35675)
17, 10681489 (2.33595)
18, 25177025 (2.35707)
1, 5 (0)
2, 21 (4.2)
3, 64 (3.04762)
4, 167 (2.60938)
5, 412 (2.46707)
6, 973 (2.36165)
7, 2300 (2.36382)
8, 5399 (2.34739)
9, 12790 (2.36896)
10, 29977 (2.34378)
11, 70764 (2.36061)
12, 165301 (2.33595)
13, 389464 (2.35609)
14, 909459 (2.33516)
15, 2143434 (2.35682)
16, 5007345 (2.33613)
17, 11803450 (2.35723)
18, 27570855 (2.33583)
1, 5 (0)
2, 20 (4)
3, 57 (2.85)
4, 148 (2.59649)
5, 367 (2.47973)
6, 890 (2.42507)
7, 2091 (2.34944)
8, 4936 (2.36059)
9, 11576 (2.34522)
10, 27370 (2.36437)
11, 63986 (2.33782)
12, 150845 (2.35747)
13, 352444 (2.33646)
14, 830770 (2.35717)
15, 1940235 (2.33547)
16, 4572656 (2.35675)
17, 10681489 (2.33595)
18, 25177025 (2.35707)
1, 4 (0)
2, 14 (3.5)
3, 39 (2.78571)
4, 101 (2.58974)
5, 256 (2.53465)
6, 627 (2.44922)
7, 1513 (2.41308)
8, 3551 (2.34699)
9, 8364 (2.35539)
10, 19530 (2.33501)
11, 46061 (2.35847)
12, 107738 (2.33903)
13, 254216 (2.35958)
14, 594058 (2.33682)
15, 1400154 (2.35693)
16, 3269744 (2.33527)
17, 7705370 (2.35657)
18, 17997987 (2.33577)
1, 4 (0)
2, 15 (3.75)
3, 43 (2.86667)
4, 114 (2.65116)
5, 285 (2.5)
6, 696 (2.44211)
7, 1652 (2.37356)
8, 3916 (2.37046)
9, 9149 (2.33631)
10, 21565 (2.35709)
11, 50456 (2.33972)
12, 119097 (2.36041)
13, 278316 (2.33689)
14, 655992 (2.357)
15, 1532124 (2.33558)
16, 3610755 (2.3567)
17, 8433392 (2.33563)
18, 19877057 (2.35695)
1, 5 (0)
2, 21 (4.2)
3, 64 (3.04762)
4, 167 (2.60938)
5, 412 (2.46707)
6, 973 (2.36165)
7, 2300 (2.36382)
8, 5397 (2.34652)
9, 12781 (2.36817)
10, 29963 (2.34434)
11, 70750 (2.36125)
12, 165267 (2.33593)
13, 389348 (2.35587)
14, 909135 (2.33502)
15, 2142588 (2.35673)
16, 5005204 (2.33606)
17, 11798437 (2.35723)
18, 27560195 (2.33592)
1, 5 (0)
2, 22 (4.4)
3, 71 (3.22727)
4, 192 (2.70423)
5, 457 (2.38021)
6, 1070 (2.34136)
7, 2509 (2.34486)
8, 5956 (2.37385)
9, 13995 (2.34973)
10, 33124 (2.36685)
11, 77535 (2.34075)
12, 182768 (2.35723)
13, 426389 (2.33295)
14, 1004178 (2.35507)
15, 2345907 (2.33615)
16, 5530970 (2.35771)
17, 12921113 (2.33614)
18, 30455360 (2.35702)
1, 5 (0)
2, 21 (4.2)
3, 64 (3.04762)
4, 167 (2.60938)
5, 412 (2.46707)
6, 973 (2.36165)
7, 2300 (2.36382)
8, 5397 (2.34652)
9, 12781 (2.36817)
10, 29963 (2.34434)
11, 70750 (2.36125)
12, 165267 (2.33593)
13, 389348 (2.35587)
14, 909135 (2.33502)
15, 2142588 (2.35673)
16, 5005204 (2.33606)
17, 11798437 (2.35723)
18, 27560195 (2.33592)
1, 4 (0)
2, 15 (3.75)
3, 43 (2.86667)
4, 114 (2.65116)
5, 285 (2.5)
6, 696 (2.44211)
7, 1652 (2.37356)
8, 3916 (2.37046)
9, 9149 (2.33631)
10, 21565 (2.35709)
11, 50456 (2.33972)
12, 119097 (2.36041)
13, 278316 (2.33689)
14, 655992 (2.357)
15, 1532124 (2.33558)
16, 3610755 (2.3567)
17, 8433392 (2.33563)
18, 19877057 (2.35695)
1, 4 (0)
2, 14 (3.5)
3, 39 (2.78571)
4, 101 (2.58974)
5, 256 (2.53465)
6, 627 (2.44922)
7, 1513 (2.41308)
8, 3550 (2.34633)
9, 8357 (2.35408)
10, 19503 (2.33373)
11, 45977 (2.35743)
12, 107516 (2.33847)
13, 253658 (2.35926)
14, 592698 (2.3366)
15, 1396883 (2.35682)
16, 3262064 (2.33524)
17, 7687330 (2.35658)
18, 17956072 (2.3358)
1, 5 (0)
2, 20 (4)
3, 57 (2.85)
4, 148 (2.59649)
5, 367 (2.47973)
6, 890 (2.42507)
7, 2091 (2.34944)
8, 4934 (2.35964)
9, 11565 (2.34394)
10, 27329 (2.36308)
11, 63872 (2.33715)
12, 150555 (2.35714)
13, 351730 (2.33622)
14, 829022 (2.35698)
15, 1936062 (2.33536)
16, 4562792 (2.35674)
17, 10658624 (2.33599)
18, 25123561 (2.35711)
1, 5 (0)
2, 21 (4.2)
3, 64 (3.04762)
4, 167 (2.60938)
5, 412 (2.46707)
6, 973 (2.36165)
7, 2300 (2.36382)
8, 5397 (2.34652)
9, 12776 (2.36724)
10, 29931 (2.34275)
11, 70640 (2.36009)
12, 164991 (2.33566)
13, 388698 (2.35587)
14, 907593 (2.33496)
15, 2138936 (2.35671)
16, 4996811 (2.33612)
17, 11778826 (2.35727)
18, 27513857 (2.33587)
1, 5 (0)
2, 20 (4)
3, 57 (2.85)
4, 148 (2.59649)
5, 367 (2.47973)
6, 890 (2.42507)
7, 2091 (2.34944)
8, 4934 (2.35964)
9, 11565 (2.34394)
10, 27329 (2.36308)
11, 63872 (2.33715)
12, 150555 (2.35714)
13, 351730 (2.33622)
14, 829022 (2.35698)
15, 1936062 (2.33536)
16, 4562792 (2.35674)
17, 10658624 (2.33599)
18, 25123561 (2.35711)
1, 4 (0)
2, 14 (3.5)
3, 39 (2.78571)
4, 101 (2.58974)
5, 256 (2.53465)
6, 627 (2.44922)
7, 1513 (2.41308)
8, 3550 (2.34633)
9, 8357 (2.35408)
10, 19503 (2.33373)
11, 45977 (2.35743)
12, 107516 (2.33847)
13, 253658 (2.35926)
14, 592698 (2.3366)
15, 1396883 (2.35682)
16, 3262064 (2.33524)
17, 7687330 (2.35658)
18, 17956072 (2.3358)
1, 3 (0)
2, 10 (3.33333)
3, 27 (2.7)
4, 70 (2.59259)
5, 177 (2.52857)
6, 443 (2.50282)
7, 1075 (2.42664)
8, 2571 (2.39163)
9, 5984 (2.3275)
10, 14024 (2.34358)
11, 32708 (2.33229)
12, 77139 (2.35841)
13, 180424 (2.33895)
14, 425664 (2.35924)
15, 994464 (2.33627)
16, 2343423 (2.35647)
17, 5471969 (2.33503)
18, 12894945 (2.35655)
1, 4 (0)
2, 14 (3.5)
3, 39 (2.78571)
4, 101 (2.58974)
5, 256 (2.53465)
6, 627 (2.44922)
7, 1512 (2.41148)
8, 3545 (2.34458)
9, 8339 (2.35233)
10, 19447 (2.33205)
11, 45814 (2.35584)
12, 107078 (2.33723)
13, 252568 (2.35873)
14, 590198 (2.33679)
15, 1391152 (2.35709)
16, 3248758 (2.3353)
17, 7655823 (2.35654)
18, 17882005 (2.33574)
1, 4 (0)
2, 15 (3.75)
3, 43 (2.86667)
4, 114 (2.65116)
5, 285 (2.5)
6, 696 (2.44211)
7, 1651 (2.37213)
8, 3910 (2.36826)
9, 9125 (2.33376)
10, 21482 (2.35419)
11, 50203 (2.33698)
12, 118410 (2.35862)
13, 276651 (2.33638)
14, 652096 (2.35711)
15, 1523179 (2.33582)
16, 3589874 (2.35683)
17, 8384465 (2.33559)
18, 19761014 (2.35686)
1, 4 (0)
2, 14 (3.5)
3, 39 (2.78571)
4, 101 (2.58974)
5, 256 (2.53465)
6, 627 (2.44922)
7, 1512 (2.41148)
8, 3545 (2.34458)
9, 8339 (2.35233)
10, 19447 (2.33205)
11, 45814 (2.35584)
12, 107078 (2.33723)
13, 252568 (2.35873)
14, 590198 (2.33679)
15, 1391152 (2.35709)
16, 3248758 (2.3353)
17, 7655823 (2.35654)
18, 17882005 (2.33574)
  0.0252418, 0.0347014, 0.0386382, 0.0347014, 0.0252418
  0.0347414, 0.0489781, 0.0532236, 0.0489781, 0.0347414
  0.0386656, 0.0532022, 0.0592483, 0.0532022, 0.0386656
  0.0346605, 0.0488742, 0.0531135, 0.0488742, 0.0346605
  0.0250841, 0.0345183, 0.0384411, 0.0345183, 0.0250841
