5 5 2

14 21 19 17 15 
18 13 12 7 2 
1 22 0 4 10 
20 11 6 3 23 
9 16 5 24 8 

12 3 9 22 1 
18 24 4 14 19 
21 5 15 0 10 
8 13 6 2 17 
7 23 16 20 11 

19 23 22 10 2 
15 9 8 21 16 
6 1 11 17 0 
20 4 7 24 5 
13 3 14 12 18 

8 19 14 3 9 
5 15 4 21 2 
1 12 24 13 20 
10 23 6 18 22 
17 16 0 11 7 

11 18 1 14 2 
8 17 4 13 12 
20 7 19 16 3 
5 10 22 9 21 
24 6 15 0 23 

11 22 17 14 10 
4 18 2 0 5 
6 7 12 15 21 
3 23 16 8 1 
19 13 24 20 9 

6 24 22 14 5 
19 0 21 12 11 
15 18 8 7 20 
17 23 2 9 13 
1 16 10 3 4 

13 7 21 2 18 
22 24 3 14 10 
23 12 15 5 9 
8 16 6 4 20 
17 11 1 0 19 

12 13 14 21 24 
20 17 2 1 19 
9 4 15 18 16 
5 10 6 3 7 
11 0 8 23 22 

6 10 17 13 18 
20 19 9 21 14 
22 24 3 12 15 
7 23 4 5 16 
8 1 0 11 2 
