5 5 10

14 21 19 17 15 
18 13 12 7 2 
1 22 0 4 10 
20 11 6 3 23 
9 16 5 24 8 

12 3 9 22 1 
18 24 4 14 19 
21 5 15 0 10 
8 13 6 2 17 
7 23 16 20 11 

19 23 22 10 2 
15 9 8 21 16 
6 1 11 17 0 
20 4 7 24 5 
13 3 14 12 18 

8 19 14 3 9 
5 15 4 21 2 
1 12 24 13 20 
10 23 6 18 22 
17 16 0 11 7 

11 18 1 14 2 
8 17 4 13 12 
20 7 19 16 3 
5 10 22 9 21 
24 6 15 0 23 

11 22 17 14 10 
4 18 2 0 5 
6 7 12 15 21 
3 23 16 8 1 
19 13 24 20 9 

6 24 22 14 5 
19 0 21 12 11 
15 18 8 7 20 
17 23 2 9 13 
1 16 10 3 4 

13 7 21 2 18 
22 24 3 14 10 
23 12 15 5 9 
8 16 6 4 20 
17 11 1 0 19 

12 13 14 21 24 
20 17 2 1 19 
9 4 15 18 16 
5 10 6 3 7 
11 0 8 23 22 

6 10 17 13 18 
20 19 9 21 14 
22 24 3 12 15 
7 23 4 5 16 
8 1 0 11 2 


original boards

17 1  20 9 16 2  22 19 14 5 15  21 0  3  24 23 18 13 12 7 10 8  6  4 11 
14 5  9  2 18 8  23 19 12 17 15  0 10  20 4  6 11  21 1  7  24 3 16  22 13 
7 13 11 22 12 20 1  18  21 5  0  8 14  24 19  9  4 17 16 10 23 15 3  2  6
18 14 0  9  8  3  7 19 2 15 5 12 1  13 24 23 4  21 10 20 16  22 11 6 17 
2  0 10 19 1  4 16 3 15 20 22 9  6 18  5 13 12 21 8 17 23 11 24 7 14
16 5 1  12 6  24 17 9  2  22 4 10 13 18 19  20 0  23 7  21 15 11  8  3 14 
21 22 15 9  24 12 16  23 2  8 5 18 17  7 10 14 13  4  0  6  20 11  3 1  19 
6  0 24 14 8  5  21 19 9 17 16 20 10 13 2 15 11 22 1  3  7  23 4 18 12 
3  2 17  0 14 18  22 19 15 20 9  7 10  21 16  6  24 23 8  5 1 4 11 12 13 
23 14 0 24 17 9 20 21 2 18 10 13 22 1 3 11 4 16 6 5 7 12 8 15 19


Answers:
https://www.aaai.org/Papers/AAAI/1996/AAAI96-178.pdf 
100, 95, 108, 98, 101, 96, 104, 97, 113, >= 112